[770528134, 770528134, 770528134, 770528134, 770528134, 770528134, 770528134, 770528134]
[663501748, 663501748, 663501748, 663501748, 663501748, 663501748, 663501748]
[384261537, 384261537, 384261537, 384261537, 384261537, 384261537, 384261537, 384261537]
[800309024, 800309024, 800309024, 800309024, 800309024, 800309024, 800309024, 800309024]
[103668401, 103668401, 103668401, 103668401, 103668401, 103668401, 103668401]
[538539662, 538539662, 538539662, 538539662, 538539662, 538539662, 538539662, 538539662]
[385488901, 385488901, 385488901, 385488901, 385488901, 385488901, 385488901]
[101262949, 101262949, 101262949, 101262949, 101262949, 101262949, 101262949, 101262949]
[557792122, 557792122, 557792122, 557792122, 557792122, 557792122, 557792122, 557792122]
[46058493, 46058493, 46058493, 46058493, 46058493, 46058493, 46058493]
8
